0
11
5
2
16
3
3
4
23
29
10
21
2
8
8
31
11
11
12
23
16
0
32
19
13
0
22
7
17
28
10
7
6
37
19
3
2
2
32
32
11
17
2
38
13
3
19
11
46
7
7
27
5
13
1
45
80
17
14
3
15
2
4
81
3
0
19
39
3
38
47
24
44
88
19
3
3
14
29
12
2
39
14
40
41
0
17
8
50
8
101
26
5
9
3
30
12
56
4
5
7
13
38
3
3
28
3
12
4
3
9
56
8
2
6
7
14
17
1
8
19
28
25
44
18
25
5
3
32
4
29
6
2
4
26
13
30
9
4
10
90
5
25
71
24
15
9
5
0
1
5
2
73
1
28
18
2
1
6
15
3
2
6
30
5
1
21
19
10
13
7
8
25
30
2
0
12
1
0
8
9
3
2
5
19
12
13
1
10
13
20
5
12
1
15
32
13
27
1
1
19
15
25
18
19
4
7
6
17
15
33
14
1
0
0
1
29
7
0
3
4
12
19
3
11
0
4
21
2
1
22
57
72
12
21
8
23
20
16
4
16
8
2
14
0
8
17
30
2
2
0
42
17
