8.725273791999999
7.89897511
7.320644217
11.374816984
26.214641288
14.122076135
5.424253294
11.713030747
12.465592972
5.875901903
5.41727672
17.56954612
7.320644217
7.320644217
13.62079063
21.96193265
5.563852123
263.250366032
9.882869693
6.319913616
5.41727672
7.613469985
6.674816984
19.070278184
6.325036603
5.402635432
5.314787701
5.856515373
19.472913616
6.915630406
8.256880733999999
34.141546527
6.888453473
9.174311927
20.969855832
5.242463958
8.551769331999999
12.895150721
8.777627785
56.22542595
7.863695937
7.558322412
5.111402359
5.242463958
10.222804718
14.678899083
5.937758847
7.109870249
7.693315858
8.453735256
6.422018349
50.065530799
5.69858264
10.178023781
10.820451843
5.469678954
24.970273484
5.231866825
11.890606421
5.695600476
7.07491082
20.049940547
5.507728894
5.001734839
65.707491082
27.26259453
15.92627824
5.469678954
22.258225922
5.588585018
6.234705228
5.561735261
10.011123471
10.072302558
7.992070078
5.925472747
12.631813126
6.916553949
5.300503893
5.672969967
13.348164627
11.431590656
11.123470523
9.314136125999999
5.02617801
11.623036649
14.293193717
13.623036649
5.445026178
18.64648377
15.811518325
19.162303665
18.848167539
5.30557801
7.235602094
7.643979058
7.539267016
5.02617801
22.137567
16.3
6.143355
46.5
6.2
7.085
6.306654
6.563
10.5
5.5
9.199999999999999
12.225
14.239
5.2
57.410636
5.85
14.3
6.167
13.5
6.7
10.7
19.4
7.23
8.710000000000001
5.6
5.207328833
6.798457088
12.054001929
5.207328833
16.441658631
29.026036644
12.536162006
5.785920926
5.400192864
5.785920926
6.075216972
18.322082932
5.785920926
5.593056895
8.678881389000001
8.100289296
10.270009643
17.068466731
17.743490839
5.496624879
23.283858998
6.586270872
7.142857143
11.131725417
12.523191095
5.751391466
5.565862709
5.751391466
8.812615955
32.467532468
29.037105751
18.552875696
16.883116883
7.792207792
27.829313544
5.899814471
12.059369202
6.307977737
9.461966605000001
7.606679035
11.59554731
5.194805195
5.102040816
7.101113173
16.415261757
5.094055013
6.015971606
18.424134871
7.985803017
6.511091393
38.154392192
5.210292813
5.767524401
6.832298137
7.542147294
5.681455191
9.228039042000001
27.338065661
7.542147294
6.140195209
11.801242236
25.28837622
10.204081633
5.989352263
20.452528838
5.323868678
7.098491571
47.019520852
24.578527063
15.882874889
7.542147294
5.501330967
25.953859805
8.873114463
6.211180124
10.825199645
5.767524401
31.055900621
5.376799323
24.555461473
42.091447925
14.394580864
20.863674852
9.229466554
5.927180356
5.66469094
14.394580864
10.137171888
6.773920406
5.715495343
6.435224386
5.50381033
5.080440305
5.080440305
12.801862828
16.088060965
152.413209145
6.287044877
14.013547841
8.367485181999999
9.398814564
5.770533446
5.249788315
12.701100762
11.685012701
6.011854361
32.387806943
10.584250635
18.628281118
7.425742574
10.998349835
8.250825083000001
12.376237624
5.198019802
5.612211221
15.284653465
10.184818482
6.372937294
8.085808581
6.20049505
13.201320132
20.826732673
5.940594059
8.250825083000001
14.851485149
144.657590759
28.630363036
19.265676568
5.528052805
5.775577558
17.739273927
